1 0 1 1 1 5 3
1 1 0 0 3 1 4
1 0 0 0 4 2 2

0 0 1 2 3 1
1 1 4 5 2 2
0 0 7 1 3 3

0 0 1 1 3
1 1 1 1 4
0 0 1 5 5

1 1 3 0 4
1 0 3 1 5
1 0 4 0 7

12 -16 4 3 -7 -56
-18 15 26 34 27 77
-17 24 11 20 17 79
-9 25 15 32 10 48

1 1 2 -6 -3
1 1 1 -4 0
1 1 0 -2 3

3 1 5 -2 3 35
4 3 -7 5 6 54
-7 5 4 1 -1 -96
1 4 1 -3 -10 -71
6 -9 -8 -8 -2 59

6 9 -2 -8 -8 -144
14 11 4 7 3 -32
8 10 2 4 -1 -59
8 -4 6 -5 -3 -10
-1 6 -7 7 7 14

5 -13 13 -5 -10 -14
5 -7 12 6 6 57
-8 11 1 -8 -1 101
-1 5 -9 -7 13 -43
8 -1 -2 -10 -5 -82

1 1 1 1 1
0 0 1 1 1

1 1 1 1 1
0 0 1 1 1
0 0 1 1 1

1 1 1 1 1
0 0 1 1 1
0 0 1 1 2

4 1 4 0 2
1 -1 -1 -4 -2
3 2 5 4 3

4 -3 -2 1 -2
3 -1 -2 0 1
2 1 -2 -1 4

4 -17 -6 -5 -17
43 24 -1 3 28
0 1 2 1 9
2 1 0 0 1

2 -1 1 2 3 2
6 -3 2 4 5 3
6 -3 4 8 13 9
4 -2 1 1 2 1

2 -3 5 7 1
4 -6 2 3 2
2 -3 -11 -15 1